sample,slice,rho,typing_mode,distractor_task,true_rho,implied_rho,implied_rho_se,implied_rho_ci95_lo,implied_rho_ci95_hi,overreaction_gap,r2,mae,mean_bias_vs_rational,n_trials,n_participants,n_outliers_dropped
all,overall,,,,,0.8106230005811159,0.019582535445882156,0.7722412311071869,0.8490047700550449,,0.517448364580051,15.286875,-0.8414374999999998,1600,40,0
all,by_rho,0.6,,,0.6,0.5161764589931893,0.03987452898752931,0.4380223821776319,0.5943305358087467,-0.08382354100681066,0.19817730073342732,14.202941176470588,-0.6582352941176445,680,17,0
all,by_rho,0.9,,,0.9,0.8671346747902209,0.023519637792576303,0.8210361847167713,0.9132331648636705,-0.03286532520977914,0.596889133116159,16.088043478260868,-0.976847826086958,920,23,0
all,by_typing,,forced,,,0.7859898942644697,0.027103127542446998,0.7328677642812736,0.8391120242476658,,0.47811205318400796,14.891304347826088,-1.1603260869565213,920,23,0
all,by_typing,,passive,,,0.8312279744399365,0.028665496984750835,0.7750436003498248,0.8874123485300481,,0.5536112443620587,15.822058823529412,-0.4100000000000002,680,17,0
all,by_distractor,,,animacy,,0.7330906139846485,0.03565287050437838,0.6632109877960668,0.8029702401732302,,0.38407958303002465,15.80735294117647,-0.5958823529411758,680,17,0
all,by_distractor,,,size,,0.8470850069129505,0.024132637386136486,0.799785037636123,0.8943849761897781,,0.573042245438345,14.902173913043478,-1.0229347826086956,920,23,0
all,by_rho_typing,0.6,forced,,0.6,0.5128574505981482,0.050391768973024234,0.41408958341102076,0.6116253177852757,-0.08714254940185173,0.17810043619927918,14.670833333333333,-1.0212499999999975,480,12,0
all,by_rho_typing,0.6,passive,,0.6,0.5276572923814724,0.06140135678241172,0.40731063308794546,0.6480039516749994,-0.07234270761852757,0.27165600389953803,13.08,0.21300000000000283,200,5,0
all,by_rho_typing,0.9,forced,,0.9,0.8693656497569919,0.033126609426307844,0.8044374952814286,0.9342938042325553,-0.03063435024300809,0.611265537642043,15.131818181818181,-1.3120454545454556,440,11,0
all,by_rho_typing,0.9,passive,,0.9,0.8635099180347348,0.033441000246285955,0.7979655575520143,0.9290542785174553,-0.036490081965265264,0.5824489270240901,16.964583333333334,-0.6695833333333344,480,12,0
all,by_rho_distractor,0.6,,animacy,0.6,0.5479436154808379,0.06017512187186993,0.4300003766119729,0.665886854349703,-0.05205638451916206,0.2068161797258079,14.678125,-0.9893749999999975,320,8,0
all,by_rho_distractor,0.6,,size,0.6,0.48174834069179245,0.05323768433050219,0.3774024794040082,0.5860942019795767,-0.11825165930820752,0.18615015418009861,13.780555555555555,-0.3638888888888862,360,9,0
all,by_rho_distractor,0.9,,animacy,0.9,0.7924766517924053,0.04647595366636641,0.7013837826063272,0.8835695209784835,-0.10752334820759468,0.44816762520982734,16.81111111111111,-0.24611111111111228,360,9,0
all,by_rho_distractor,0.9,,size,0.9,0.9042741621262643,0.028677175027962607,0.8480668990714576,0.960481425181071,0.004274162126264303,0.6405387410539285,15.623214285714285,-1.446607142857145,560,14,0
all,by_typing_distractor,,forced,animacy,,0.7586563851777279,0.05638660568124387,0.64813863804249,0.8691741323129659,,0.3358377395881411,15.280555555555555,-0.01277777777777646,360,9,0
all,by_typing_distractor,,forced,size,,0.8005928647916015,0.030619595820621938,0.7405784569831825,0.8606072726000206,,0.550592698653948,14.64107142857143,-1.8980357142857145,560,14,0
all,by_typing_distractor,,passive,animacy,,0.7085653610927145,0.046683150839248566,0.6170663854477874,0.8000643367376417,,0.4201071919397974,16.4,-1.2518749999999998,320,8,0
all,by_typing_distractor,,passive,size,,0.8855659735872813,0.04066725888674156,0.8058581461692679,0.9652738010052947,,0.569809581642317,15.308333333333334,0.33833333333333304,360,9,0
all,by_rho_typing_distractor,0.6,forced,animacy,0.6,0.5276086317952589,0.07376526987764341,0.3830287028350778,0.6721885607554399,-0.07239136820474112,0.17692270723597103,15.133333333333333,-0.47999999999999754,240,6,0
all,by_rho_typing_distractor,0.6,forced,size,0.6,0.5009744810768255,0.06902791671845092,0.3656797643086617,0.6362691978449893,-0.09902551892317446,0.1812083217832624,14.208333333333334,-1.5624999999999973,240,6,0
all,by_rho_typing_distractor,0.6,passive,animacy,0.6,0.5880928134810051,0.09812368390755938,0.3957703930221887,0.7804152339398214,-0.011907186518994917,0.3153128299537583,13.3125,-2.517499999999997,80,2,0
all,by_rho_typing_distractor,0.6,passive,size,0.6,0.4408928770482667,0.07753274752414631,0.28892869190093995,0.5928570621955934,-0.1591071229517333,0.2150952292310827,12.925,2.033333333333336,120,3,0
all,by_rho_typing_distractor,0.9,forced,animacy,0.9,0.9716097283997346,0.08957448289812618,0.7960437419194073,1.1471757148800619,0.07160972839973456,0.4992707041521298,15.575,0.9216666666666654,120,3,0
all,by_rho_typing_distractor,0.9,forced,size,0.9,0.8563162934978982,0.03511839094022805,0.7874842472550512,0.9251483397407452,-0.04368370650210185,0.6515315968452249,14.965625,-2.1496875000000015,320,8,0
all,by_rho_typing_distractor,0.9,passive,animacy,0.9,0.7227511548700098,0.053853484470834906,0.6171983253071734,0.8283039844328463,-0.17724884512999017,0.43077866375887863,17.429166666666667,-0.8300000000000007,240,6,0
all,by_rho_typing_distractor,0.9,passive,size,0.9,0.9587846637087158,0.051389931525645485,0.8580603979184507,1.059508929498981,0.05878466370871582,0.5939159862560771,16.5,-0.5091666666666685,240,6,0
no_outliers,overall,,,,,0.8106230005811159,0.019582535445882156,0.7722412311071869,0.8490047700550449,,0.517448364580051,15.286875,-0.8414374999999998,1600,40,0
no_outliers,by_rho,0.6,,,0.6,0.5161764589931893,0.03987452898752931,0.4380223821776319,0.5943305358087467,-0.08382354100681066,0.19817730073342732,14.202941176470588,-0.6582352941176445,680,17,0
no_outliers,by_rho,0.9,,,0.9,0.8671346747902209,0.023519637792576303,0.8210361847167713,0.9132331648636705,-0.03286532520977914,0.596889133116159,16.088043478260868,-0.976847826086958,920,23,0
no_outliers,by_typing,,forced,,,0.7859898942644697,0.027103127542446998,0.7328677642812736,0.8391120242476658,,0.47811205318400796,14.891304347826088,-1.1603260869565213,920,23,0
no_outliers,by_typing,,passive,,,0.8312279744399365,0.028665496984750835,0.7750436003498248,0.8874123485300481,,0.5536112443620587,15.822058823529412,-0.4100000000000002,680,17,0
no_outliers,by_distractor,,,animacy,,0.7330906139846485,0.03565287050437838,0.6632109877960668,0.8029702401732302,,0.38407958303002465,15.80735294117647,-0.5958823529411758,680,17,0
no_outliers,by_distractor,,,size,,0.8470850069129505,0.024132637386136486,0.799785037636123,0.8943849761897781,,0.573042245438345,14.902173913043478,-1.0229347826086956,920,23,0
no_outliers,by_rho_typing,0.6,forced,,0.6,0.5128574505981482,0.050391768973024234,0.41408958341102076,0.6116253177852757,-0.08714254940185173,0.17810043619927918,14.670833333333333,-1.0212499999999975,480,12,0
no_outliers,by_rho_typing,0.6,passive,,0.6,0.5276572923814724,0.06140135678241172,0.40731063308794546,0.6480039516749994,-0.07234270761852757,0.27165600389953803,13.08,0.21300000000000283,200,5,0
no_outliers,by_rho_typing,0.9,forced,,0.9,0.8693656497569919,0.033126609426307844,0.8044374952814286,0.9342938042325553,-0.03063435024300809,0.611265537642043,15.131818181818181,-1.3120454545454556,440,11,0
no_outliers,by_rho_typing,0.9,passive,,0.9,0.8635099180347348,0.033441000246285955,0.7979655575520143,0.9290542785174553,-0.036490081965265264,0.5824489270240901,16.964583333333334,-0.6695833333333344,480,12,0
no_outliers,by_rho_distractor,0.6,,animacy,0.6,0.5479436154808379,0.06017512187186993,0.4300003766119729,0.665886854349703,-0.05205638451916206,0.2068161797258079,14.678125,-0.9893749999999975,320,8,0
no_outliers,by_rho_distractor,0.6,,size,0.6,0.48174834069179245,0.05323768433050219,0.3774024794040082,0.5860942019795767,-0.11825165930820752,0.18615015418009861,13.780555555555555,-0.3638888888888862,360,9,0
no_outliers,by_rho_distractor,0.9,,animacy,0.9,0.7924766517924053,0.04647595366636641,0.7013837826063272,0.8835695209784835,-0.10752334820759468,0.44816762520982734,16.81111111111111,-0.24611111111111228,360,9,0
no_outliers,by_rho_distractor,0.9,,size,0.9,0.9042741621262643,0.028677175027962607,0.8480668990714576,0.960481425181071,0.004274162126264303,0.6405387410539285,15.623214285714285,-1.446607142857145,560,14,0
no_outliers,by_typing_distractor,,forced,animacy,,0.7586563851777279,0.05638660568124387,0.64813863804249,0.8691741323129659,,0.3358377395881411,15.280555555555555,-0.01277777777777646,360,9,0
no_outliers,by_typing_distractor,,forced,size,,0.8005928647916015,0.030619595820621938,0.7405784569831825,0.8606072726000206,,0.550592698653948,14.64107142857143,-1.8980357142857145,560,14,0
no_outliers,by_typing_distractor,,passive,animacy,,0.7085653610927145,0.046683150839248566,0.6170663854477874,0.8000643367376417,,0.4201071919397974,16.4,-1.2518749999999998,320,8,0
no_outliers,by_typing_distractor,,passive,size,,0.8855659735872813,0.04066725888674156,0.8058581461692679,0.9652738010052947,,0.569809581642317,15.308333333333334,0.33833333333333304,360,9,0
no_outliers,by_rho_typing_distractor,0.6,forced,animacy,0.6,0.5276086317952589,0.07376526987764341,0.3830287028350778,0.6721885607554399,-0.07239136820474112,0.17692270723597103,15.133333333333333,-0.47999999999999754,240,6,0
no_outliers,by_rho_typing_distractor,0.6,forced,size,0.6,0.5009744810768255,0.06902791671845092,0.3656797643086617,0.6362691978449893,-0.09902551892317446,0.1812083217832624,14.208333333333334,-1.5624999999999973,240,6,0
no_outliers,by_rho_typing_distractor,0.6,passive,animacy,0.6,0.5880928134810051,0.09812368390755938,0.3957703930221887,0.7804152339398214,-0.011907186518994917,0.3153128299537583,13.3125,-2.517499999999997,80,2,0
no_outliers,by_rho_typing_distractor,0.6,passive,size,0.6,0.4408928770482667,0.07753274752414631,0.28892869190093995,0.5928570621955934,-0.1591071229517333,0.2150952292310827,12.925,2.033333333333336,120,3,0
no_outliers,by_rho_typing_distractor,0.9,forced,animacy,0.9,0.9716097283997346,0.08957448289812618,0.7960437419194073,1.1471757148800619,0.07160972839973456,0.4992707041521298,15.575,0.9216666666666654,120,3,0
no_outliers,by_rho_typing_distractor,0.9,forced,size,0.9,0.8563162934978982,0.03511839094022805,0.7874842472550512,0.9251483397407452,-0.04368370650210185,0.6515315968452249,14.965625,-2.1496875000000015,320,8,0
no_outliers,by_rho_typing_distractor,0.9,passive,animacy,0.9,0.7227511548700098,0.053853484470834906,0.6171983253071734,0.8283039844328463,-0.17724884512999017,0.43077866375887863,17.429166666666667,-0.8300000000000007,240,6,0
no_outliers,by_rho_typing_distractor,0.9,passive,size,0.9,0.9587846637087158,0.051389931525645485,0.8580603979184507,1.059508929498981,0.05878466370871582,0.5939159862560771,16.5,-0.5091666666666685,240,6,0
